CHROM POS prob log10.PO. qval alpha fst log10q
OTAU000107-RA 1390 0.9924 2.1158 0.0028006 1.7911 0.33517 2.55274891552414
OTAU000760-RA 3476 0.9816 1.727 0.0078107 1.7628 0.331 2.10731004262535
OTAU000760-RA 3482 0.9842 1.7943 0.0067514 1.7697 0.33262 2.17060616061634
OTAU001311-RA 3492 1 1000 0 2.4856 0.48661 Inf
OTAU001314-RA 6260 0.9902 2.0044 0.0040942 1.9388 0.36787 2.38783094604703
OTAU001599-RA 2200 0.9902 2.0044 0.0040942 1.9251 0.36499 2.38783094604703
OTAU002460-RA 699 0.9854 1.8292 0.0057789 1.7139 0.32036 2.23815482064418
OTAU003289-RA 1149 0.9982 2.7439 0.00072014 1.9543 0.36997 3.14258306562845
OTAU003289-RA 1260 0.9976 2.6187 0.0012002 1.957 0.37018 2.92074637756992
OTAU003290-RA 3099 0.9994 3.2215 0.00020004 2.0271 0.38501 3.69888315412437
OTAU003545-RA 390 0.993 2.1518 0.0023641 1.877 0.35414 2.62633415700836
OTAU003911-RA 2013 0.9858 1.8414 0.0052599 1.7112 0.32025 2.27902251247383
OTAU004346-RA 790 0.9918 2.0825 0.003216 1.8732 0.35356 2.49268395992359
OTAU004386-RA 325 0.9976 2.6187 0.0012002 2.0451 0.38947 2.92074637756992
OTAU004386-RA 326 0.9988 2.9202 0.00045009 2.0205 0.38411 3.34670063601301
OTAU005789-RA 969 0.9964 2.442 0.0016225 1.9679 0.37349 2.78981529452759
OTAU007803-RA 5106 0.979 1.6685 0.0097019 1.7097 0.32058 2.01314320607277
OTAU008374-RA 12324 0.98 1.6901 0.0087851 1.7842 0.33659 2.05625329060568
OTAU011356-RA 3275 0.9956 2.3545 0.0019004 1.9323 0.36602 2.72115497825283
OTAU011542-RA 1602 0.9862 1.854 0.0047009 1.7421 0.32667 2.32781898725253
OTAU011542-RA 2288 0.9796 1.6813 0.0092498 1.6754 0.31257 2.03386765751344
OTAU011899-RA 1482 0.9816 1.727 0.0078107 1.6788 0.31353 2.10731004262535
OTAU016151-RA 365 1 1000 0 2.4462 0.47709 Inf
OTAU016237-RA 868 0.9974 2.5838 0.0013753 1.9629 0.37172 2.86160255700945
OTAU016521-RA 375 0.9848 1.8114 0.0062749 1.7806 0.33484 2.20239319092967
OTAU016738-RA 1334 0.981 1.7128 0.0082973 1.7995 0.33939 2.08106320712583
